-81.043  -4.084
-81.032  -4.101
-81.011  -4.115
-80.999  -4.111
-80.973  -4.127
-80.961  -4.148
-80.970  -4.170
-80.924  -4.169
-80.886  -4.192
-80.838  -4.190
-80.800  -4.177
-80.732  -4.183
-80.716  -4.197
-80.699  -4.188
-80.646  -4.229
-80.623  -4.232
-80.605  -4.212
-80.592  -4.215
-80.517  -4.099
-80.487  -4.083
1 TUMBES
-80.625  -6.373
-80.356  -5.980
-80.296  -5.927
-80.228  -5.896
-80.123  -5.890
-80.120  -5.876
-79.994  -5.751
-79.995  -5.726
-79.971  -5.655
-79.975  -5.644
-79.969  -5.584
-79.962  -5.579
-79.949  -5.517
-79.897  -5.482
-79.854  -5.533
-79.865  -5.550
-79.854  -5.600
-79.818  -5.668
-79.810  -5.653
-79.802  -5.647
-79.787  -5.647
-79.753  -5.677
-79.744  -5.677
-79.743  -5.685
-79.762  -5.701
-79.715  -5.741
-79.741  -5.815
-79.737  -5.840
-79.713  -5.839
-79.685  -5.847
-79.626  -5.798
-79.619  -5.804
-79.625  -5.827
-79.633  -5.831
-79.629  -5.843
-79.629  -5.852
-79.637  -5.854
-79.637  -5.860
-79.630  -5.861
-79.627  -5.888
-79.613  -5.898
-79.611  -5.923
-79.601  -5.938
-79.557  -5.937
-79.530  -5.914
-79.519  -5.914
-79.517  -5.920
-79.496  -5.916
-79.469  -5.930
-79.463  -5.945
-79.440  -5.953
-79.419  -5.970
piu lam
-79.419  -5.970
-79.401  -5.953
-79.381  -5.940
-79.368  -5.939
-79.361  -5.930
-79.363  -5.928
-79.336  -5.894
-79.399  -5.777
-79.399  -5.705
-79.386  -5.687
-79.378  -5.573
-79.399  -5.539
-79.386  -5.526
-79.327  -5.536
-79.275  -5.521
-79.299  -5.462
-79.295  -5.438
-79.306  -5.428
-79.306  -5.384
-79.332  -5.328
-79.327  -5.319
-79.361  -5.289
-79.348  -5.238
-79.373  -5.212
-79.380  -5.190
-79.343  -5.163
-79.343  -5.145
-79.327  -5.121
-79.295  -5.111
-79.279  -5.077
-79.280  -5.046
-79.273  -5.036
-79.269  -5.040
-79.261  -5.040
-79.252  -5.055
-79.249  -5.055
-79.246  -5.004
-79.221  -4.990
-79.211  -4.973
-79.212  -4.967
2 PIURA
-79.690  -7.178
-79.522  -6.997
-79.515  -6.978
-79.503  -6.967
-79.495  -6.972
-79.486  -6.966
-79.479  -6.971
-79.468  -6.967
-79.454  -6.946
-79.405  -6.959
-79.401  -6.957
-79.388  -6.978
-79.372  -6.986
-79.357  -7.008
-79.347  -7.008
-79.329  -7.026
-79.323  -7.026
lam lal
-79.323  -7.026
-79.306  -7.007
-79.297  -7.003
-79.306  -6.976
-79.300  -6.940
-79.311  -6.923
-79.311  -6.901
-79.266  -6.862
-79.225  -6.860
-79.207  -6.821
-79.121  -6.780
-79.139  -6.737
-79.141  -6.702
-79.169  -6.704
-79.190  -6.717
-79.196  -6.695
-79.213  -6.696
-79.223  -6.686
-79.223  -6.672
-79.247  -6.673
-79.270  -6.681
-79.299  -6.674
-79.298  -6.663
-79.301  -6.654
-79.322  -6.647
-79.326  -6.640
-79.342  -6.647
-79.350  -6.646
-79.364  -6.635
-79.347  -6.610
-79.336  -6.604
-79.349  -6.573
-79.359  -6.567
-79.358  -6.562
-79.367  -6.553
-79.367  -6.531
-79.370  -6.521
-79.403  -6.541
-79.421  -6.536
-79.417  -6.507
-79.432  -6.481
-79.422  -6.463
-79.431  -6.432
-79.451  -6.405
-79.445  -6.356
-79.426  -6.326
-79.427  -6.316
-79.424  -6.311
-79.414  -6.309
-79.408  -6.313
-79.386  -6.299
-79.354  -6.305
-79.344  -6.288
-79.347  -6.283
-79.320  -6.262
-79.307  -6.271
-79.276  -6.240
-79.277  -6.229
-79.270  -6.225
-79.253  -6.228
-79.249  -6.223
-79.256  -6.214
-79.265  -6.181
-79.274  -6.167
-79.273  -6.147
-79.259  -6.141
-79.258  -6.130
-79.244  -6.107
-79.235  -6.101
-79.235  -6.094
-79.224  -6.091
-79.212  -6.099
-79.200  -6.100
-79.180  -6.088
-79.185  -6.079
-79.184  -6.067
-79.190  -6.058
-79.175  -6.040
-79.189  -6.026
-79.204  -6.024
-79.221  -6.056
-79.236  -6.046
-79.239  -6.031
-79.262  -6.031
-79.267  -6.024
-79.264  -6.003
-79.297  -5.986
-79.308  -5.985
-79.323  -6.000
-79.322  -6.015
-79.312  -6.037
-79.320  -6.042
-79.337  -6.013
-79.347  -6.004
-79.349  -5.981
-79.360  -5.976
-79.396  -5.978
-79.405  -5.987
-79.404  -5.992
-79.409  -6.001
-79.417  -6.005
-79.418  -6.003
-79.415  -5.994
-79.420  -5.977
-79.420  -5.971
-79.419  -5.970
3 LAMBAYEQUE
-79.323  -7.026
-79.332  -7.054
-79.328  -7.072
-79.330  -7.078
-79.323  -7.087
-79.319  -7.085
-79.312  -7.097
-79.313  -7.110
-79.295  -7.129
-79.307  -7.144
-79.307  -7.148
-79.303  -7.151
-79.295  -7.151
-79.280  -7.159
-79.281  -7.171
-79.265  -7.196
-79.252  -7.200
-79.276  -7.219
-79.274  -7.239
-79.280  -7.248
-79.269  -7.272
-79.271  -7.279
-79.305  -7.283
-79.322  -7.306
-79.362  -7.327
-79.369  -7.326
-79.366  -7.332
-79.345  -7.339
-79.332  -7.356
-79.322  -7.355
-79.317  -7.360
-79.292  -7.349
-79.280  -7.352
-79.281  -7.357
-79.261  -7.380
-79.233  -7.393
-79.197  -7.375
-79.177  -7.409
-79.170  -7.411
-79.153  -7.436
-79.113  -7.440
-79.066  -7.474
-79.072  -7.506
-79.057  -7.531
-79.061  -7.538
-79.060  -7.548
-79.038  -7.563
-79.041  -7.602
-79.028  -7.623
-79.007  -7.641
-78.992  -7.662
-78.968  -7.661
-78.951  -7.648
-78.942  -7.630
-78.941  -7.599
-78.935  -7.590
-78.935  -7.581
-78.914  -7.558
-78.913  -7.553
-78.888  -7.533
-78.864  -7.532
-78.853  -7.521
-78.857  -7.516
-78.860  -7.499
-78.888  -7.485
-78.880  -7.479
-78.848  -7.453
-78.842  -7.439
-78.804  -7.420
-78.801  -7.404
-78.787  -7.395
-78.771  -7.416
-78.756  -7.418
-78.724  -7.396
-78.717  -7.411
-78.699  -7.415
-78.681  -7.397
-78.683  -7.392
-78.680  -7.392
-78.675  -7.397
-78.674  -7.405
-78.664  -7.404
-78.662  -7.407
-78.663  -7.412
-78.653  -7.428
-78.641  -7.430
-78.635  -7.442
-78.630  -7.446
-78.628  -7.454
-78.630  -7.468
-78.628  -7.478
-78.637  -7.498
-78.636  -7.503
-78.640  -7.508
-78.651  -7.528
-78.633  -7.544
-78.617  -7.548
-78.493  -7.557
-78.413  -7.483
-78.360  -7.502
-78.339  -7.495
-78.321  -7.505
-78.330  -7.513
-78.346  -7.507
-78.364  -7.544
-78.358  -7.573
-78.366  -7.591
-78.378  -7.594
-78.382  -7.633
-78.357  -7.664
-78.361  -7.671
-78.316  -7.706
-78.305  -7.697
-78.280  -7.719
-78.284  -7.747
-78.224  -7.764
-78.213  -7.743
-78.221  -7.725
-78.201  -7.731
-78.139  -7.686
-78.145  -7.666
-78.121  -7.653
-78.094  -7.674
-78.080  -7.696
-78.052  -7.680
-78.000  -7.682
-77.975  -7.670
-77.965  -7.676
-77.962  -7.658
-77.946  -7.660
-77.932  -7.654
-77.940  -7.648
-77.940  -7.641
-77.915  -7.627
-77.923  -7.600
-77.869  -7.584
-77.862  -7.532
-77.843  -7.514
-77.794  -7.503
-77.770  -7.482
-77.748  -7.481
-77.741  -7.471
-77.757  -7.442
-77.767  -7.442
-77.780  -7.411
-77.825  -7.379
-77.821  -7.368
-77.830  -7.345
-77.838  -7.342
-77.832  -7.307
-77.839  -7.297
-77.839  -7.291
-77.857  -7.282
-77.858  -7.248
-77.847  -7.237
-77.883  -7.220
-77.881  -7.210
-77.887  -7.185
-77.898  -7.184
-77.898  -7.170
-77.926  -7.155
-77.929  -7.106
-77.940  -7.096
-77.940  -7.089
-77.949  -7.078
-77.947  -7.071
-77.957  -7.055
-77.965  -7.054
-77.965  -7.037
-77.973  -7.024
-77.978  -7.026
-77.980  -7.022
-77.979  -7.015
-77.988  -7.013
-77.988  -7.002
-78.003  -6.995
-77.996  -6.981
-77.988  -6.978
-78.002  -6.971
caj lal
-78.002  -6.971
-78.004  -6.968
-77.999  -6.949
-77.997  -6.945
-78.005  -6.937
-78.013  -6.939
-78.014  -6.932
-78.006  -6.924
-78.005  -6.917
-77.999  -6.912
-77.999  -6.901
-78.006  -6.895
-78.006  -6.890
-78.000  -6.884
-78.008  -6.878
-78.000  -6.870
-78.012  -6.855
-78.029  -6.853
-78.033  -6.849
-78.016  -6.835
-78.023  -6.780
-78.039  -6.748
-78.046  -6.693
-78.079  -6.668
-78.076  -6.661
-78.108  -6.644
-78.104  -6.625
-78.123  -6.595
-78.117  -6.581
-78.138  -6.563
-78.136  -6.530
-78.191  -6.459
-78.210  -6.460
-78.246  -6.403
-78.334  -6.350
-78.331  -6.333
-78.370  -6.269
-78.372  -6.241
-78.420  -6.207
-78.417  -6.193
-78.480  -6.129
-78.479  -6.115
-78.514  -6.074
-78.585  -6.080
-78.610  -6.057
-78.610  -6.020
-78.697  -5.887
-78.693  -5.877
-78.699  -5.844
-78.711  -5.822
-78.691  -5.750
-78.657  -5.737
-78.650  -5.725
-78.687  -5.699
-78.651  -5.676
-78.639  -5.647
-78.624  -5.641
-78.605  -5.609
-78.608  -5.602
-78.581  -5.550
-78.553  -5.538
-78.550  -5.515
-78.571  -5.495
-78.534  -5.465
-78.507  -5.448
-78.494  -5.417
-78.553  -5.358
-78.577  -5.312
-78.595  -5.305
-78.595  -5.289
-78.612  -5.283
-78.625  -5.306
-78.642  -5.306
-78.653  -5.277
-78.671  -5.267
-78.685  -5.277
-78.688  -5.255
-78.685  -5.239
-78.693  -5.233
-78.710  -5.164
-78.696  -5.095
-78.683  -5.088
-78.680  -5.074
-78.659  -5.067
-78.639  -5.037
-78.642  -5.000
-78.663  -5.000
-78.654  -4.990
-78.659  -4.974
-78.645  -4.858
-78.636  -4.852
-78.636  -4.827
-78.645  -4.806
-78.627  -4.776
-78.641  -4.729
-78.645  -4.663
-78.659  -4.650
-78.680  -4.668
-78.708  -4.619
4 CAJAMARCA
-78.002  -6.971
-77.993  -6.964
-77.982  -6.964
-77.963  -6.977
-77.954  -6.974
-77.946  -6.974
-77.935  -6.979
-77.932  -6.985
-77.886  -6.969
-77.880  -6.961
-77.880  -6.952
-77.862  -6.955
-77.845  -6.952
-77.837  -6.960
-77.820  -6.957
-77.823  -6.960
-77.809  -6.962
-77.804  -6.968
-77.774  -6.938
-77.774  -6.930
-77.769  -6.933
-77.768  -6.946
-77.764  -6.955
-77.755  -6.962
ama lal
-78.645  -8.969
-78.641  -8.968
-78.632  -8.972
-78.622  -8.967
-78.599  -8.962
-78.589  -8.940
-78.577  -8.884
-78.588  -8.861
-78.567  -8.797
-78.552  -8.777
-78.523  -8.756
-78.501  -8.750
-78.484  -8.753
-78.430  -8.731
-78.416  -8.715
-78.381  -8.700
-78.352  -8.674
-78.339  -8.678
-78.335  -8.669
-78.249  -8.658
-78.202  -8.632
-78.196  -8.595
-78.219  -8.563
-78.190  -8.512
-78.156  -8.481
-78.136  -8.396
-78.138  -8.369
-78.107  -8.339
-78.122  -8.319
-78.037  -8.253
-78.019  -8.227
-77.936  -8.199
-77.927  -8.158
-77.921  -8.150
-77.914  -8.121
-77.905  -8.106
-77.906  -8.095
-77.897  -8.073
-77.897  -8.061
-77.883  -8.064
-77.866  -8.056
-77.847  -8.081
-77.841  -8.074
-77.830  -8.084
-77.814  -8.069
-77.794  -8.071
-77.790  -8.081
-77.747  -8.078
-77.742  -8.071
-77.718  -8.075
-77.691  -8.061
-77.683  -8.064
-77.647  -8.051
-77.647  -8.061
-77.643  -8.069
-77.632  -8.069
-77.618  -8.079
-77.637  -8.108
-77.620  -8.125
-77.619  -8.131
-77.601  -8.137
-77.609  -8.150
-77.596  -8.163
-77.577  -8.167
-77.563  -8.190
-77.557  -8.195
-77.562  -8.197
-77.564  -8.202
-77.571  -8.207
-77.574  -8.213
-77.574  -8.227
-77.577  -8.230
-77.564  -8.239
-77.550  -8.237
-77.540  -8.242
-77.537  -8.241
-77.532  -8.243
-77.527  -8.249
-77.527  -8.259
-77.529  -8.265
-77.518  -8.272
-77.504  -8.274
-77.500  -8.279
-77.493  -8.280
-77.482  -8.314
-77.474  -8.318
-77.473  -8.323
-77.479  -8.324
-77.472  -8.332
-77.463  -8.331
-77.458  -8.338
-77.458  -8.351
-77.459  -8.356
-77.454  -8.357
-77.447  -8.370
-77.451  -8.375
-77.437  -8.401
-77.439  -8.423
-77.419  -8.440
-77.406  -8.441
-77.399  -8.465
-77.402  -8.470
-77.400  -8.483
-77.387  -8.494
-77.366  -8.502
-77.366  -8.508
-77.345  -8.521
-77.335  -8.534
-77.326  -8.529
-77.317  -8.530
lal anc
-77.317  -8.530
-77.311  -8.523
-77.299  -8.521
-77.296  -8.517
-77.293  -8.517
-77.277  -8.497
-77.278  -8.491
-77.264  -8.469
-77.246  -8.473
-77.204  -8.486
-77.164  -8.468
-77.134  -8.442
-77.131  -8.443
lal huanuco
-77.131  -8.443
-77.130  -8.443
-77.128  -8.445
-77.121  -8.448
-77.118  -8.448
-77.104  -8.444
-77.103  -8.436
-77.098  -8.437
-77.093  -8.434
-77.094  -8.431
-77.094  -8.428
-77.088  -8.420
-77.088  -8.405
-77.082  -8.401
-77.074  -8.404
-77.066  -8.397
-77.045  -8.406
-77.036  -8.407
-77.014  -8.395
-76.998  -8.382
-76.977  -8.397
-76.972  -8.393
-76.974  -8.378
-76.965  -8.370
-76.953  -8.376
-76.945  -8.369
-76.945  -8.363
-76.940  -8.359
-76.930  -8.361
-76.927  -8.358
-76.927  -8.351
-76.933  -8.344
-76.914  -8.327
-76.902  -8.286
-76.908  -8.240
-76.928  -8.216
-76.912  -8.190
-76.908  -8.166
-76.983  -8.119
-76.992  -8.091
-77.015  -8.067
-77.094  -8.045
-77.111  -8.025
-77.131  -8.032
-77.233  -8.010
-77.254  -8.029
-77.258  -8.049
-77.283  -8.049
-77.294  -8.063
-77.350  -8.055
-77.371  -8.065
-77.386  -8.055
-77.378  -8.029
-77.399  -8.008
-77.407  -7.997
-77.376  -7.909
-77.401  -7.898
-77.408  -7.904
-77.439  -7.849
-77.431  -7.843
-77.451  -7.806
-77.478  -7.804
-77.505  -7.779
-77.504  -7.771
-77.522  -7.768
-77.527  -7.753
-77.498  -7.740
-77.483  -7.719
-77.485  -7.699
-77.459  -7.688
-77.467  -7.674
-77.496  -7.688
-77.511  -7.676
-77.508  -7.672
-77.511  -7.658
-77.540  -7.650
-77.523  -7.635
-77.524  -7.625
-77.529  -7.622
-77.527  -7.614
-77.496  -7.616
-77.486  -7.606
-77.496  -7.585
-77.541  -7.578
-77.529  -7.516
-77.522  -7.510
-77.525  -7.505
-77.539  -7.509
-77.561  -7.464
-77.593  -7.443
-77.599  -7.448
-77.615  -7.426
-77.613  -7.420
-77.630  -7.413
-77.622  -7.397
-77.637  -7.359
-77.635  -7.352
-77.639  -7.346
-77.629  -7.319
-77.638  -7.286
-77.647  -7.270
-77.637  -7.253
-77.645  -7.253
-77.648  -7.241
-77.637  -7.246
-77.638  -7.241
-77.634  -7.234
-77.605  -7.219
-77.622  -7.191
-77.615  -7.178
-77.628  -7.170
-77.632  -7.172
-77.639  -7.161
-77.639  -7.154
-77.684  -7.131
-77.690  -7.120
-77.698  -7.120
-77.714  -7.108
-77.716  -7.093
-77.720  -7.088
-77.707  -7.075
-77.707  -7.069
-77.722  -7.063
-77.747  -7.021
-77.748  -6.987
-77.756  -6.977
-77.756  -6.970
-77.760  -6.966
-77.755  -6.962
5 LA_LIBERTAD
-77.755  -6.962
-77.749  -6.961
-77.748  -6.957
-77.744  -6.954
-77.744  -6.949
-77.742  -6.947
-77.743  -6.942
-77.740  -6.935
-77.720  -6.918
-77.717  -6.918
-77.711  -6.909
-77.717  -6.899
-77.724  -6.895
-77.745  -6.852
-77.741  -6.848
-77.758  -6.814
-77.768  -6.806
-77.755  -6.787
-77.739  -6.795
-77.730  -6.789
-77.729  -6.783
-77.737  -6.775
-77.737  -6.764
-77.748  -6.752
-77.743  -6.678
-77.725  -6.664
-77.719  -6.636
-77.702  -6.637
-77.694  -6.647
-77.663  -6.644
-77.632  -6.613
-77.610  -6.613
-77.586  -6.634
-77.579  -6.633
-77.564  -6.647
-77.546  -6.677
-77.534  -6.674
-77.518  -6.684
-77.501  -6.720
-77.501  -6.675
-77.459  -6.680
-77.407  -6.727
-77.381  -6.701
-77.437  -6.604
-77.397  -6.606
-77.343  -6.549
-77.327  -6.468
-77.264  -6.382
-77.215  -6.423
-77.161  -6.406
-77.133  -6.302
-77.220  -6.197
-77.203  -6.182
-77.213  -6.159
-77.329  -6.125
-77.348  -6.103
-77.354  -6.070
-77.371  -6.081
-77.404  -6.025
-77.427  -6.065
-77.470  -6.002
-77.480  -6.006
-77.480  -6.023
-77.579  -6.056
-77.589  -6.047
-77.577  -6.008
-77.583  -5.996
-77.625  -6.010
-77.671  -5.977
-77.671  -5.957
-77.652  -5.937
-77.682  -5.877
-77.677  -5.857
-77.695  -5.838
-77.725  -5.846
-77.766  -5.814
-77.768  -5.770
-77.759  -5.736
-77.775  -5.696
-77.738  -5.623
-77.738  -5.599
-77.768  -5.532
-77.792  -5.516
-77.748  -5.458
-77.776  -5.427
-77.759  -5.403
-77.709  -5.419
-77.694  -5.411
ama sma
-77.694  -5.411
-77.702  -5.382
-77.685  -5.341
-77.694  -5.261
-77.738  -5.214
-77.707  -5.190
-77.712  -5.078
-77.698  -5.050
-77.712  -4.996
-77.740  -4.987
-77.732  -4.931
-77.766  -4.921
-77.761  -4.910
-77.794  -4.849
-77.788  -4.742
-77.668  -4.627
-77.655  -4.519
-77.591  -4.485
-77.564  -4.399
-77.585  -4.255
-77.538  -4.037
-77.539  -3.949
-77.650  -3.783
-77.617  -3.714
-77.617  -3.611
-77.644  -3.620
-77.659  -3.578
-77.719  -3.542
-77.707  -3.529
-77.773  -3.424
-77.791  -3.052
-77.813  -2.989
6 AMAZONAS
-77.131  -8.443
-77.132  -8.457
-77.144  -8.478
-77.122  -8.485
-77.109  -8.480
-77.102  -8.489
-77.090  -8.482
-77.078  -8.494
-77.092  -8.518
-77.050  -8.555
-77.012  -8.540
-76.991  -8.557
-76.971  -8.562
-76.954  -8.546
-76.948  -8.545
-76.934  -8.567
-76.914  -8.571
-76.887  -8.556
-76.868  -8.563
-76.862  -8.553
-76.845  -8.546
-76.846  -8.539
-76.833  -8.517
-76.818  -8.521
-76.795  -8.512
-76.787  -8.525
-76.765  -8.523
-76.761  -8.525
-76.753  -8.520
-76.737  -8.525
-76.730  -8.521
-76.708  -8.541
-76.704  -8.541
-76.698  -8.533
-76.680  -8.528
-76.680  -8.522
-76.669  -8.523
-76.668  -8.526
-76.654  -8.521
-76.648  -8.524
-76.643  -8.524
-76.638  -8.517
-76.568  -8.509
-76.551  -8.500
-76.498  -8.551
-76.493  -8.583
-76.495  -8.588
-76.504  -8.582
-76.515  -8.594
-76.502  -8.620
-76.478  -8.616
-76.463  -8.599
-76.468  -8.560
-76.446  -8.509
-76.449  -8.502
-76.416  -8.445
-76.410  -8.445
-76.369  -8.412
-76.357  -8.426
-76.337  -8.427
-76.322  -8.497
-76.310  -8.503
-76.324  -8.523
-76.265  -8.617
-76.267  -8.656
-76.246  -8.686
-76.267  -8.686
-76.230  -8.748
-76.235  -8.798
-76.197  -8.759
-76.167  -8.758
-76.161  -8.732
-76.156  -8.736
-76.138  -8.670
-76.110  -8.655
-76.107  -8.641
-76.123  -8.632
-76.123  -8.588
-76.136  -8.575
-76.127  -8.494
-76.115  -8.484
-76.118  -8.426
-76.109  -8.418
-76.115  -8.379
-76.127  -8.372
-76.058  -8.322
-76.023  -8.333
-75.994  -8.318
ama hua
-75.994  -8.318
-75.991  -8.309
-75.911  -8.260
-75.925  -8.232
-75.927  -8.205
-75.941  -8.186
-75.935  -8.162
-75.934  -8.137
-75.941  -8.113
-75.929  -8.102
-75.928  -8.076
-75.860  -8.069
-75.852  -8.059
-75.845  -8.060
-75.842  -8.020
-75.846  -7.996
-75.835  -7.974
-75.856  -7.921
-75.931  -7.955
-75.937  -7.948
-75.953  -7.948
-75.963  -7.960
-75.994  -7.955
-75.986  -7.918
-75.970  -7.906
-76.009  -7.886
-76.007  -7.861
-76.101  -7.722
-76.098  -7.674
-76.072  -7.663
-76.083  -7.572
-76.217  -7.403
-76.134  -7.199
-76.018  -7.158
-76.007  -6.961
-76.039  -6.921
-76.010  -6.895
-76.065  -6.811
-76.014  -6.807
-75.996  -6.716
-75.905  -6.734
-75.851  -6.720
-75.813  -6.682
-75.823  -6.664
-75.789  -6.646
-75.720  -6.771
-75.671  -6.767
-75.650  -6.782
-75.640  -6.848
-75.506  -6.776
-75.530  -6.747
-75.522  -6.684
-75.551  -6.602
-75.538  -6.581
-75.538  -6.552
-75.512  -6.510
-75.550  -6.391
-75.545  -6.350
-75.555  -6.332
-75.503  -6.295
-75.494  -6.265
-75.537  -6.206
-75.569  -6.199
-75.616  -6.144
-75.635  -6.145
-75.664  -6.123
-75.692  -6.129
-75.708  -6.124
-75.713  -6.138
-75.771  -6.148
-75.775  -6.139
-75.765  -6.136
-75.781  -6.118
-75.783  -6.124
-75.815  -6.102
-75.824  -6.135
-75.839  -6.147
-75.870  -6.136
-75.909  -6.136
-75.924  -6.142
-75.960  -6.099
-76.074  -6.100
-76.101  -6.135
-76.131  -6.149
-76.277  -6.125
-76.342  -6.057
-76.336  -6.020
-76.346  -5.998
-76.336  -5.908
-76.551  -6.026
-76.596  -6.010
-76.628  -6.018
-76.659  -6.002
-76.693  -6.038
-76.719  -6.000
-76.764  -6.000
-76.744  -5.976
-76.778  -5.901
-76.819  -5.859
-76.829  -5.854
-76.822  -5.851
-76.817  -5.840
-76.826  -5.817
-76.817  -5.812
-76.816  -5.806
-76.822  -5.801
-76.822  -5.793
-76.826  -5.789
-76.825  -5.785
-76.829  -5.776
-76.829  -5.769
-76.823  -5.762
-76.839  -5.742
-76.865  -5.741
-76.889  -5.749
-76.932  -5.714
-76.965  -5.705
-76.994  -5.669
-77.000  -5.687
-77.026  -5.671
-77.035  -5.650
-77.123  -5.634
-77.135  -5.613
-77.159  -5.611
-77.178  -5.628
-77.198  -5.625
-77.253  -5.569
-77.339  -5.598
-77.391  -5.564
-77.414  -5.578
-77.436  -5.576
-77.461  -5.546
-77.490  -5.554
-77.496  -5.542
-77.490  -5.529
-77.490  -5.512
-77.517  -5.468
-77.575  -5.417
-77.579  -5.394
-77.609  -5.372
-77.673  -5.411
-77.694  -5.411
7 SAN_MARTIN
-77.886 -10.612
-77.885 -10.612
-77.880 -10.609
-77.865 -10.591
-77.859 -10.581
-77.858 -10.578
-77.856 -10.576
-77.847 -10.573
-77.840 -10.568
-77.834 -10.567
-77.823 -10.577
-77.805 -10.586
-77.793 -10.584
-77.785 -10.573
-77.774 -10.574
-77.772 -10.514
-77.783 -10.506
-77.783 -10.499
-77.799 -10.477
-77.765 -10.436
-77.768 -10.429
-77.759 -10.429
-77.757 -10.413
-77.751 -10.409
-77.754 -10.325
-77.693 -10.321
-77.651 -10.345
-77.631 -10.322
-77.598 -10.366
-77.598 -10.383
-77.634 -10.413
-77.645 -10.409
-77.678 -10.432
-77.683 -10.431
-77.691 -10.441
-77.688 -10.451
-77.708 -10.484
-77.707 -10.498
-77.746 -10.531
-77.737 -10.568
-77.690 -10.537
-77.670 -10.539
-77.647 -10.524
-77.641 -10.547
-77.638 -10.603
-77.616 -10.598
-77.594 -10.584
-77.575 -10.585
-77.572 -10.611
-77.574 -10.618
-77.582 -10.624
-77.586 -10.645
-77.574 -10.663
-77.574 -10.708
-77.588 -10.758
-77.611 -10.764
-77.589 -10.790
-77.554 -10.755
-77.523 -10.736
-77.505 -10.735
-77.494 -10.748
-77.461 -10.738
-77.435 -10.726
-77.409 -10.732
-77.385 -10.707
-77.397 -10.702
-77.405 -10.687
-77.380 -10.639
-77.367 -10.639
-77.360 -10.624
-77.348 -10.609
-77.316 -10.586
-77.311 -10.569
-77.288 -10.559
-77.268 -10.562
-77.268 -10.554
-77.229 -10.545
-77.213 -10.557
-77.195 -10.557
-77.168 -10.512
-77.168 -10.494
-77.177 -10.485
-77.175 -10.466
-77.152 -10.452
-77.067 -10.334
-77.051 -10.343
-77.022 -10.328
-77.009 -10.309
-77.007 -10.285
-76.967 -10.305
-76.936 -10.278
-76.914 -10.277
-76.906 -10.270
anc lim
-76.906 -10.270
-76.907 -10.257
-76.903 -10.251
-76.905 -10.246
-76.906 -10.236
-76.916 -10.224
-76.914 -10.118
-76.886 -10.117
-76.883 -10.091
-76.870 -10.062
-76.852 -10.061
-76.858 -10.021
-76.824 -10.009
-76.825  -9.987
-76.814  -9.962
-76.831  -9.938
-76.842  -9.933
-76.841  -9.916
-76.881  -9.832
-76.900  -9.809
-76.903  -9.767
-76.935  -9.730
-76.941  -9.706
-76.977  -9.715
-76.984  -9.746
-77.021  -9.710
-77.051  -9.640
-77.022  -9.609
-77.015  -9.617
-76.990  -9.597
-76.989  -9.580
-76.975  -9.560
-76.954  -9.561
-76.955  -9.544
-76.937  -9.526
-76.938  -9.494
-76.952  -9.468
-76.930  -9.427
-76.938  -9.406
-76.840  -9.260
-76.814  -9.327
-76.762  -9.368
-76.739  -9.326
-76.743  -9.297
-76.726  -9.256
-76.734  -9.207
-76.766  -9.172
-76.766  -9.162
-76.788  -9.138
-76.851  -9.114
-76.865  -9.117
-76.926  -9.072
-76.976  -9.065
-77.035  -9.015
-77.035  -9.003
-77.111  -8.972
-77.104  -8.957
-77.123  -8.948
-77.145  -8.898
-77.158  -8.901
-77.175  -8.834
-77.199  -8.812
-77.207  -8.783
-77.222  -8.774
-77.227  -8.744
-77.248  -8.731
-77.263  -8.649
-77.295  -8.638
-77.288  -8.590
-77.315  -8.547
-77.310  -8.538
-77.311  -8.532
-77.317  -8.530
anc hua
-76.906 -10.270
-76.899 -10.287
-76.891 -10.292
-76.894 -10.304
-76.880 -10.310
-76.870 -10.342
-76.875 -10.347
-76.864 -10.364
-76.866 -10.375
-76.857 -10.378
-76.841 -10.364
-76.833 -10.391
-76.807 -10.392
-76.805 -10.410
-76.799 -10.420
-76.803 -10.427
-76.800 -10.440
-76.790 -10.438
-76.773 -10.460
-76.774 -10.462
-76.770 -10.465
-76.764 -10.464
-76.757 -10.468
-76.739 -10.467
-76.729 -10.477
-76.729 -10.482
-76.726 -10.485
lim huanuco
-76.726 -10.485
-76.723 -10.484
-76.724 -10.476
-76.715 -10.461
-76.701 -10.461
-76.698 -10.455
-76.699 -10.446
-76.679 -10.438
-76.671 -10.440
-76.666 -10.439
-76.659 -10.421
-76.652 -10.420
-76.648 -10.415
-76.620 -10.415
-76.605 -10.404
-76.591 -10.401
-76.595 -10.390
-76.575 -10.377
-76.562 -10.391
-76.493 -10.381
-76.474 -10.340
-76.493 -10.310
-76.428 -10.320
-76.402 -10.310
-76.388 -10.290
-76.358 -10.300
-76.335 -10.285
-76.326 -10.307
-76.331 -10.314
-76.321 -10.326
-76.317 -10.343
-76.324 -10.359
-76.306 -10.411
-76.284 -10.416
-76.270 -10.370
-76.259 -10.372
-76.227 -10.397
-76.226 -10.393
-76.231 -10.372
-76.214 -10.377
-76.203 -10.377
-76.208 -10.389
-76.185 -10.395
-76.180 -10.407
-76.164 -10.414
-76.142 -10.408
-76.137 -10.418
-76.132 -10.421
-76.130 -10.430
-76.110 -10.429
-76.104 -10.436
-76.093 -10.429
-76.074 -10.438
-76.078 -10.452
-76.053 -10.466
-76.033 -10.454
-76.027 -10.470
-76.011 -10.455
-76.002 -10.491
-75.971 -10.475
-75.944 -10.428
-75.925 -10.405
-75.935 -10.375
-75.893 -10.322
-75.856 -10.301
-75.841 -10.260
-75.812 -10.243
-75.786 -10.254
-75.759 -10.238
-75.727 -10.231
-75.702 -10.205
-75.704 -10.127
-75.689 -10.116
-75.695 -10.109
-75.675 -10.048
-75.650 -10.029
-75.606 -10.027
-75.596 -10.014
-75.596  -9.949
-75.548  -9.985
-75.504  -9.980
-75.467  -9.997
-75.477  -9.976
-75.444  -9.935
-75.423  -9.945
-75.394  -9.910
-75.412  -9.901
-75.393  -9.877
-75.337  -9.872
-75.297  -9.877
-75.276  -9.854
-75.300  -9.787
-75.287  -9.777
-75.220  -9.800
-75.197  -9.823
-75.154  -9.841
-75.092  -9.846
-75.059  -9.821
-75.008  -9.837
-74.910  -9.741
-74.820  -9.750
-74.812  -9.739
-74.813  -9.696
-74.814  -9.696
-74.771  -9.609
-74.758  -9.602
-74.758  -9.581
-74.741  -9.578
-74.736  -9.562
-74.749  -9.534
-74.732  -9.472
-74.694  -9.440
-74.672  -9.432
hua pas
-74.672  -9.432
-74.684  -9.410
-74.676  -9.387
-74.634  -9.363
-74.597  -9.320
-74.586  -9.295
-74.589  -9.292
-74.589  -9.268
-74.618  -9.230
-74.620  -9.190
-74.637  -9.161
-74.634  -9.132
-74.665  -9.081
-74.650  -9.049
-74.656  -9.041
-74.641  -9.006
-74.658  -8.965
-74.641  -8.942
-74.647  -8.927
-74.640  -8.945
-74.647  -8.926
-74.642  -8.915
-74.627  -8.907
-74.615  -8.823
-74.519  -8.772
-74.508  -8.755
-74.508  -8.716
-74.519  -8.678
-74.538  -8.652
-74.557  -8.637
-74.608  -8.620
-74.670  -8.622
-74.744  -8.637
-74.772  -8.622
-74.799  -8.633
-74.848  -8.689
-74.850  -8.759
-74.918  -8.836
-74.918  -8.877
-74.937  -8.935
-74.961  -8.937
-74.980  -8.952
-75.014  -8.915
-75.050  -8.902
-75.124  -8.947
-75.150  -9.005
-75.141  -9.026
-75.167  -9.108
-75.211  -9.142
-75.203  -9.210
-75.211  -9.237
-75.259  -9.269
-75.259  -9.294
-75.289  -9.315
-75.318  -9.299
-75.375  -9.312
-75.394  -9.296
-75.453  -9.299
-75.456  -9.329
-75.477  -9.350
-75.491  -9.377
-75.585  -9.410
-75.641  -9.410
-75.741  -9.220
-75.781  -9.196
-75.814  -9.109
-75.838  -9.085
-75.843  -9.052
-75.878  -9.023
-75.894  -8.931
-75.910  -8.912
-75.910  -8.884
-75.921  -8.871
-75.929  -8.825
-75.929  -8.809
-75.921  -8.787
-75.942  -8.735
-75.955  -8.723
-75.955  -8.717
-75.952  -8.709
-75.954  -8.700
hua puc
-75.994  -8.318
-75.973  -8.341
-75.946  -8.401
-75.943  -8.428
-75.965  -8.455
-75.957  -8.501
-75.970  -8.511
-75.965  -8.587
-75.973  -8.594
-75.978  -8.652
-75.967  -8.677
-75.970  -8.698
-75.954  -8.700
hua lor
-75.954  -8.700
-75.905  -8.682
-75.890  -8.660
-75.817  -8.641
-75.820  -8.624
-75.795  -8.590
-75.795  -8.581
-75.779  -8.542
-75.783  -8.522
-75.795  -8.512
-75.776  -8.499
-75.717  -8.486
-75.716  -8.475
-75.698  -8.433
-75.680  -8.417
-75.620  -8.405
-75.573  -8.406
-75.523  -8.425
-75.508  -8.424
-75.495  -8.438
-75.445  -8.441
-75.433  -8.419
-75.433  -8.398
-75.448  -8.384
-75.460  -8.390
-75.480  -8.379
-75.481  -8.363
-75.473  -8.355
-75.511  -8.312
-75.511  -8.272
-75.473  -8.228
-75.460  -8.227
-75.448  -8.198
-75.425  -8.188
-75.416  -8.174
-75.352  -8.148
-75.319  -8.124
-75.292  -8.123
-75.255  -8.153
-75.235  -8.150
-75.229  -8.131
-75.217  -8.122
-75.208  -8.047
-75.064  -7.978
-75.004  -7.993
-74.864  -8.035
-74.792  -8.005
-74.775  -8.012
-74.739  -7.990
-74.692  -7.975
-74.648  -7.939
-74.567  -7.813
-74.547  -7.789
-74.524  -7.788
-74.517  -7.765
-74.527  -7.755
-74.541  -7.755
-74.572  -7.730
-74.574  -7.713
-74.583  -7.703
-74.583  -7.685
-74.572  -7.673
-74.574  -7.647
-74.630  -7.582
-74.643  -7.579
-74.648  -7.559
-74.641  -7.544
-74.646  -7.517
-74.637  -7.491
-74.622  -7.481
-74.612  -7.444
-74.524  -7.307
-74.497  -7.295
-74.383  -7.322
-74.366  -7.342
-74.253  -7.389
-74.189  -7.466
-74.088  -7.463
-74.038  -7.491
-74.036  -7.498
-74.006  -7.518
-73.999  -7.518
-73.986  -7.532
uca lor
-76.245 -13.323
-76.236 -13.318
-76.202 -13.302
-76.189 -13.267
-76.164 -13.229
-76.157 -13.193
-76.121 -13.172
-76.015 -13.088
-75.962 -13.024
-75.962 -13.002
-75.938 -12.992
-75.907 -13.012
-75.878 -13.018
-75.873 -13.025
-75.849 -13.038
-75.833 -13.028
-75.823 -13.032
-75.823 -13.044
-75.815 -13.056
-75.810 -13.051
-75.801 -13.061
-75.785 -13.047
-75.771 -13.039
-75.771 -13.033
-75.765 -13.019
-75.752 -13.031
-75.746 -13.026
-75.725 -13.040
-75.695 -13.036
-75.686 -13.026
-75.671 -13.024
-75.665 -13.017
-75.665 -13.009
-75.669 -13.003
-75.669 -12.994
-75.652 -12.994
-75.637 -12.988
-75.634 -12.984
-75.635 -12.979
-75.638 -12.975
-75.625 -12.966
-75.619 -12.967
-75.614 -12.965
lima ica
-75.614 -12.965
-75.614 -12.958
-75.622 -12.949
-75.618 -12.945
-75.618 -12.943
-75.630 -12.935
-75.628 -12.928
-75.635 -12.922
-75.634 -12.920
-75.637 -12.913
-75.631 -12.910
-75.631 -12.899
-75.614 -12.872
-75.612 -12.859
-75.600 -12.857
-75.593 -12.851
-75.567 -12.842
-75.560 -12.816
-75.546 -12.825
-75.541 -12.817
-75.532 -12.823
-75.522 -12.801
-75.522 -12.793
-75.519 -12.788
-75.513 -12.789
-75.508 -12.776
-75.512 -12.776
-75.577 -12.716
-75.568 -12.708
-75.554 -12.704
-75.556 -12.699
-75.556 -12.691
-75.551 -12.685
-75.563 -12.675
-75.558 -12.670
-75.561 -12.664
-75.575 -12.660
-75.580 -12.641
lima huancav
-75.580 -12.641
-75.580 -12.631
-75.583 -12.622
-75.579 -12.606
-75.580 -12.595
-75.574 -12.591
-75.566 -12.573
-75.571 -12.567
-75.559 -12.547
-75.554 -12.547
-75.543 -12.524
-75.540 -12.523
-75.536 -12.519
-75.550 -12.472
-75.558 -12.455
-75.556 -12.444
-75.556 -12.430
-75.560 -12.422
-75.560 -12.391
-75.548 -12.367
-75.567 -12.332
-75.586 -12.329
-75.593 -12.315
-75.586 -12.299
-75.592 -12.299
-75.612 -12.268
-75.615 -12.267
-75.618 -12.263
-75.615 -12.258
-75.634 -12.243
-75.646 -12.226
-75.646 -12.220
-75.654 -12.213
-75.653 -12.207
-75.666 -12.194
-75.661 -12.186
-75.658 -12.185
-75.660 -12.175
-75.651 -12.175
-75.642 -12.149
-75.630 -12.143
-75.628 -12.133
-75.639 -12.118
-75.635 -12.116
-75.657 -12.102
-75.659 -12.095
-75.682 -12.082
-75.684 -12.072
-75.679 -12.062
-75.676 -12.059
-75.696 -12.043
-75.700 -12.049
-75.742 -12.041
-75.754 -12.057
-75.768 -12.059
-75.821 -12.014
-75.836 -12.024
-75.841 -12.008
-75.930 -11.984
-75.947 -11.995
-75.952 -11.987
-75.976 -11.984
-75.990 -11.994
-76.014 -11.985
-76.055 -11.940
-76.051 -11.893
-76.098 -11.841
-76.122 -11.797
-76.136 -11.792
-76.136 -11.781
-76.142 -11.778
-76.152 -11.785
-76.172 -11.764
-76.172 -11.754
-76.198 -11.738
-76.206 -11.698
-76.196 -11.693
-76.194 -11.681
-76.206 -11.663
-76.188 -11.643
-76.200 -11.625
-76.178 -11.611
-76.226 -11.555
-76.298 -11.595
-76.300 -11.577
-76.378 -11.503
-76.378 -11.444
-76.392 -11.448
-76.414 -11.412
-76.402 -11.404
-76.432 -11.348
-76.450 -11.346
-76.478 -11.290
-76.462 -11.266
-76.477 -11.263
-76.491 -11.244
-76.484 -11.239
-76.484 -11.229
-76.494 -11.211
-76.492 -11.186
-76.506 -11.170
-76.503 -11.163
-76.510 -11.127
-76.519 -11.120
-76.519 -11.117
-76.510 -11.112
-76.497 -11.110
-76.492 -11.100
-76.493 -11.093
-76.491 -11.089
lim jun
-76.491 -11.089
-76.498 -11.087
-76.526 -11.052
-76.531 -11.036
-76.564 -11.022
-76.569 -11.013
-76.577 -11.017
-76.580 -11.013
-76.578 -10.996
-76.582 -10.987
-76.565 -10.964
-76.571 -10.917
-76.580 -10.898
-76.582 -10.854
-76.600 -10.817
-76.616 -10.817
-76.626 -10.800
-76.623 -10.792
-76.633 -10.786
-76.626 -10.772
-76.629 -10.761
-76.641 -10.750
-76.660 -10.689
-76.670 -10.680
-76.655 -10.650
-76.676 -10.621
-76.673 -10.614
-76.684 -10.597
-76.704 -10.592
-76.711 -10.540
-76.717 -10.530
-76.717 -10.522
-76.730 -10.509
-76.729 -10.489
-76.726 -10.485
lima pasco
-74.672  -9.432
-74.649  -9.453
-74.591  -9.472
-74.570  -9.501
-74.586  -9.554
-74.575  -9.578
-74.479  -9.628
-74.473  -9.725
-74.457  -9.734
-74.446  -9.764
-74.449  -9.847
-74.413  -9.900
-74.396  -9.955
-74.396 -10.010
-74.383 -10.024
-74.394 -10.046
-74.341 -10.096
-74.300 -10.163
-74.245 -10.215
-74.355 -10.279
-74.388 -10.254
-74.402 -10.265
-74.394 -10.287
-74.410 -10.315
-74.399 -10.336
-74.380 -10.358
-74.336 -10.371
-74.309 -10.379
-74.302 -10.406
-74.287 -10.425
-74.224 -10.441
-74.208 -10.457
-74.190 -10.459
-74.180 -10.500
-74.182 -10.508
-74.155 -10.554
-74.155 -10.563
-74.133 -10.604
-74.140 -10.616
-74.140 -10.626
-74.132 -10.656
-74.139 -10.667
-74.166 -10.639
-74.220 -10.639
-74.227 -10.633
-74.265 -10.676
-74.286 -10.673
-74.286 -10.683
-74.347 -10.745
-74.354 -10.765
-74.371 -10.770
-74.374 -10.793
-74.394 -10.815
-74.406 -10.806
-74.431 -10.812
-74.471 -10.837
-74.481 -10.835
-74.491 -10.843
-74.492 -10.848
-74.487 -10.857
-74.495 -10.872
-74.499 -10.887
-74.498 -10.893
-74.503 -10.898
-74.530 -10.893
-74.539 -10.894
-74.545 -10.888
-74.554 -10.888
-74.562 -10.892
-74.566 -10.897
-74.571 -10.899
-74.573 -10.903
-74.573 -10.911
-74.574 -10.912
pasco junin
-74.574 -10.912
-74.594 -10.913
-74.632 -10.889
-74.634 -10.877
-74.644 -10.869
-74.698 -10.893
-74.703 -10.883
-74.700 -10.876
-74.710 -10.856
-74.735 -10.836
-74.778 -10.826
-74.792 -10.833
-74.841 -10.763
-74.851 -10.733
-74.868 -10.716
-74.870 -10.754
-74.866 -10.763
-74.895 -10.769
-74.905 -10.754
-74.927 -10.755
-74.953 -10.737
-74.983 -10.749
-74.995 -10.721
-74.997 -10.674
-75.013 -10.672
-75.033 -10.683
-75.063 -10.652
-75.073 -10.662
-75.073 -10.681
-75.086 -10.684
-75.096 -10.707
-75.120 -10.730
-75.213 -10.717
-75.231 -10.750
-75.247 -10.750
-75.243 -10.790
-75.266 -10.829
-75.315 -10.863
-75.352 -10.865
-75.364 -10.848
-75.389 -10.869
-75.413 -10.864
-75.426 -10.882
-75.435 -10.879
-75.450 -10.890
-75.451 -10.900
-75.469 -10.906
-75.490 -10.888
-75.491 -10.823
-75.457 -10.784
-75.467 -10.766
-75.472 -10.781
-75.482 -10.778
-75.482 -10.769
-75.490 -10.757
-75.522 -10.757
-75.534 -10.744
-75.555 -10.745
-75.567 -10.727
-75.574 -10.748
-75.575 -10.784
-75.584 -10.803
-75.608 -10.824
-75.666 -10.827
-75.679 -10.840
-75.694 -10.834
-75.689 -10.827
-75.694 -10.817
-75.708 -10.817
-75.732 -10.810
-75.758 -10.833
-75.789 -10.824
-75.820 -10.856
-75.812 -10.865
-75.818 -10.875
-75.827 -10.874
-75.840 -10.888
-75.858 -10.870
-75.913 -10.872
-75.934 -10.885
-75.993 -10.819
-76.048 -10.882
-76.086 -10.898
-76.120 -10.952
-76.149 -10.947
-76.190 -10.962
-76.210 -10.934
-76.210 -10.920
-76.226 -10.915
-76.249 -10.924
-76.278 -10.920
-76.278 -10.949
-76.267 -10.961
-76.273 -10.974
-76.257 -11.005
-76.257 -11.029
-76.239 -11.052
-76.252 -11.102
-76.213 -11.149
-76.224 -11.156
-76.244 -11.143
-76.255 -11.154
-76.273 -11.139
-76.308 -11.133
-76.321 -11.097
-76.318 -11.092
-76.336 -11.082
-76.343 -11.086
-76.345 -11.092
-76.351 -11.094
-76.357 -11.089
-76.384 -11.079
-76.383 -11.074
-76.393 -11.070
-76.397 -11.076
-76.430 -11.077
-76.434 -11.081
-76.445 -11.071
-76.453 -11.080
-76.455 -11.078
-76.459 -11.080
-76.461 -11.084
-76.471 -11.085
-76.478 -11.083
-76.491 -11.089
pasco junin
-74.574 -10.912
-74.547 -10.921
-74.543 -10.930
-74.503 -10.931
-74.475 -10.963
-74.456 -10.961
-74.433 -10.990
-74.412 -10.998
-74.421 -11.025
-74.395 -11.046
-74.344 -11.056
-74.328 -11.042
-74.243 -11.018
-74.203 -11.025
-74.191 -10.984
-74.148 -11.001
-74.134 -10.986
-74.118 -10.992
-74.103 -10.986
-74.078 -10.995
-74.050 -10.994
-74.043 -10.984
-74.016 -10.995
-74.010 -10.992
-74.004 -10.995
-74.002 -11.011
-73.994 -11.023
-73.988 -11.058
-73.979 -11.069
-73.977 -11.085
-73.981 -11.091
-73.981 -11.109
-73.977 -11.123
-73.960 -11.141
-73.957 -11.150
-73.933 -11.164
-73.903 -11.168
-73.888 -11.182
-73.860 -11.155
-73.866 -11.025
-73.859 -10.977
-73.813 -10.892
-73.817 -10.810
-73.797 -10.820
-73.768 -10.745
-73.739 -10.739
-73.606 -10.853
-73.587 -10.856
-73.564 -10.892
-73.564 -10.941
-73.574 -10.954
-73.557 -10.980
-73.541 -11.042
-73.525 -11.062
-73.476 -11.065
-73.447 -11.235
-73.463 -11.303
-73.482 -11.314
-73.477 -11.323
-73.483 -11.336
-73.482 -11.348
-73.478 -11.351
-73.468 -11.340
-73.464 -11.342
-73.462 -11.353
-73.452 -11.359
-73.445 -11.374
-73.442 -11.371
-73.435 -11.370
-73.426 -11.377
-73.422 -11.377
-73.418 -11.380
-73.417 -11.381
* *
-73.417 -11.381
-73.422 -11.385
-73.425 -11.394
-73.438 -11.404
-73.453 -11.426
-73.456 -11.436
-73.466 -11.440
-73.477 -11.465
-73.471 -11.477
-73.467 -11.480
-73.454 -11.502
-73.466 -11.506
-73.472 -11.518
-73.481 -11.520
-73.501 -11.517
-73.510 -11.520
-73.547 -11.565
-73.566 -11.575
-73.596 -11.616
-73.605 -11.621
-73.603 -11.637
-73.615 -11.649
-73.610 -11.681
-73.570 -11.740
-73.570 -11.759
-73.580 -11.771
-73.575 -11.791
-73.553 -11.802
-73.529 -11.832
-73.513 -11.840
-73.483 -11.835
-73.479 -11.852
-73.467 -11.865
-73.455 -11.868
-73.457 -11.880
-73.445 -11.923
-73.449 -11.934
-73.445 -11.950
-73.445 -11.964
-73.431 -11.983
-73.438 -11.991
-73.438 -11.995
-73.435 -11.999
-73.427 -12.000
-73.427 -12.005
-73.426 -12.009
-73.423 -12.014
-73.420 -12.014
-73.399 -12.021
-73.402 -12.089
-73.356 -12.114
-73.359 -12.127
-73.347 -12.142
-73.374 -12.142
-73.417 -12.151
-73.454 -12.176
-73.476 -12.241
-73.506 -12.259
-73.519 -12.247
-73.589 -12.300
-73.589 -12.399
-73.628 -12.376
-73.654 -12.363
-73.663 -12.342
-73.720 -12.353
-73.745 -12.429
-73.760 -12.420
-73.760 -12.407
-73.781 -12.389
-73.794 -12.387
-73.801 -12.380
-73.797 -12.368
-73.805 -12.360
-73.818 -12.368
-73.827 -12.364
-73.857 -12.306
-73.903 -12.260
-73.910 -12.238
-73.960 -12.212
-73.995 -12.233
* *
-73.995 -12.233
-73.985 -12.241
-73.988 -12.272
-73.994 -12.281
-74.004 -12.284
-74.010 -12.278
-74.021 -12.278
-74.031 -12.271
-74.038 -12.263
-74.059 -12.277
-74.099 -12.285
-74.102 -12.306
-74.122 -12.334
-74.132 -12.328
-74.130 -12.315
-74.142 -12.316
-74.146 -12.325
-74.159 -12.322
-74.167 -12.312
-74.184 -12.317
-74.189 -12.314
-74.187 -12.302
-74.216 -12.304
-74.223 -12.298
-74.216 -12.291
-74.221 -12.284
-74.218 -12.280
-74.233 -12.267
-74.243 -12.272
-74.270 -12.240
-74.284 -12.241
-74.291 -12.225
-74.293 -12.222
-74.293 -12.226
-74.311 -12.223
-74.314 -12.226
-74.315 -12.231
-74.323 -12.231
-74.338 -12.214
-74.331 -12.212
-74.336 -12.193
-74.344 -12.196
-74.353 -12.176
-74.347 -12.175
-74.345 -12.173
 * *
-74.345 -12.173
-74.344 -12.167
-74.350 -12.164
-74.354 -12.165
-74.361 -12.158
-74.362 -12.153
-74.358 -12.148
-74.353 -12.149
-74.352 -12.137
-74.356 -12.135
-74.361 -12.139
-74.401 -12.103
-74.409 -12.108
-74.420 -12.091
-74.414 -12.084
-74.421 -12.067
-74.432 -12.073
-74.441 -12.056
-74.439 -12.053
-74.444 -12.044
-74.452 -12.051
-74.455 -12.034
-74.465 -12.035
-74.471 -12.027
-74.487 -12.034
-74.498 -12.023
-74.529 -12.016
-74.545 -11.997
-74.568 -11.996
-74.568 -11.986
-74.593 -11.987
-74.589 -11.993
-74.602 -11.999
-74.608 -11.989
-74.620 -11.982
-74.650 -11.993
-74.656 -11.991
-74.657 -11.997
-74.680 -12.021
-74.683 -12.038
-74.696 -12.042
-74.716 -12.059
-74.742 -12.040
-74.752 -12.045
-74.759 -12.051
-74.779 -12.053
-74.796 -12.059
-74.817 -12.054
-74.829 -12.062
-74.836 -12.071
-74.852 -12.071
-74.940 -12.018
-74.965 -12.025
-74.988 -12.017
-74.997 -12.021
-75.046 -11.998
-75.049 -12.014
-75.087 -12.054
-75.069 -12.078
-75.071 -12.113
-75.063 -12.135
-75.070 -12.145
-75.074 -12.142
-75.079 -12.147
-75.072 -12.152
-75.074 -12.157
-75.055 -12.165
-75.055 -12.187
-75.048 -12.204
-75.058 -12.205
-75.073 -12.237
-75.080 -12.234
-75.100 -12.251
-75.105 -12.272
-75.099 -12.286
-75.104 -12.298
-75.120 -12.310
-75.139 -12.341
-75.129 -12.379
-75.147 -12.397
-75.163 -12.391
-75.180 -12.360
-75.220 -12.390
-75.215 -12.425
-75.224 -12.437
-75.211 -12.457
-75.230 -12.476
-75.246 -12.464
-75.277 -12.468
-75.301 -12.487
-75.301 -12.480
-75.324 -12.486
-75.324 -12.495
-75.320 -12.498
-75.318 -12.514
-75.340 -12.524
-75.342 -12.533
-75.378 -12.544
-75.369 -12.553
-75.410 -12.591
-75.410 -12.620
-75.417 -12.629
-75.432 -12.626
-75.440 -12.617
-75.454 -12.622
-75.461 -12.635
-75.453 -12.658
-75.468 -12.684
-75.484 -12.675
-75.488 -12.655
-75.525 -12.620
-75.553 -12.625
-75.580 -12.641
jun huanc
-73.417 -11.381
-73.390 -11.375
-73.375 -11.344
-73.361 -11.341
-73.330 -11.307
-73.246 -11.309
-73.230 -11.296
-73.212 -11.295
-73.183 -11.284
-73.123 -11.292
-73.089 -11.270
-73.064 -11.284
-73.021 -11.259
-73.015 -11.239
-72.992 -11.225
-72.991 -11.216
-72.982 -11.212
-72.966 -11.218
-72.975 -11.222
-72.974 -11.252
-72.936 -11.291
-72.953 -11.295
-72.955 -11.306
-72.934 -11.305
-72.938 -11.322
-72.959 -11.314
-72.947 -11.340
-72.895 -11.358
-72.857 -11.357
-72.834 -11.379
-72.844 -11.385
-72.821 -11.389
-72.824 -11.381
-72.816 -11.374
-72.801 -11.387
-72.785 -11.376
-72.766 -11.373
-72.741 -11.350
-72.719 -11.351
-72.690 -11.397
-72.671 -11.387
-72.644 -11.413
-72.640 -11.407
-72.618 -11.420
-72.625 -11.425
-72.608 -11.431
-72.611 -11.439
-72.608 -11.441
-72.604 -11.433
-72.605 -11.421
-72.596 -11.441
-72.580 -11.431
-72.581 -11.440
-72.553 -11.433
-72.548 -11.449
-72.546 -11.434
-72.526 -11.439
-72.500 -11.404
-72.449 -11.386
-72.424 -11.355
-72.389 -11.346
-72.336 -11.318
-72.324 -11.318
-72.323 -11.325
-72.305 -11.302
-72.290 -11.303
-72.253 -11.324
-72.243 -11.325
ucaya cusco
-72.243 -11.325
-72.233 -11.298
-72.221 -11.302
-72.198 -11.264
-72.203 -11.259
-72.197 -11.247
-72.201 -11.209
-72.198 -11.194
-72.184 -11.194
-72.181 -11.166
-72.146 -11.152
-72.117 -11.115
-72.144 -11.087
-72.161 -11.092
-72.183 -11.064
-72.173 -11.032
-72.186 -11.013
-72.173 -10.996
-72.158 -11.004
-72.138 -10.985
-72.091 -11.005
-72.074 -10.992
-72.049 -10.992
-72.051 -10.982
-72.032 -10.992
-72.000 -10.955
-71.974 -10.946
-71.945 -10.950
-71.882 -10.951
-71.806 -10.999
-71.656 -10.984
-71.612 -10.991
-71.365 -10.968
-71.311 -10.928
-71.238 -10.807
-71.231 -10.682
-71.135 -10.541
-71.012 -10.458
-70.891 -10.353
-70.855 -10.283
-70.852 -10.175
-70.825 -10.089
-70.701  -9.984
-70.651  -9.948
-70.657  -9.931
-70.637  -9.886
-70.620  -9.878
ucaya mdios
-75.075 -15.444
-75.056 -15.435
-75.050 -15.435
-75.028 -15.402
-75.017 -15.378
-75.018 -15.354
-74.994 -15.322
-74.980 -15.316
-74.965 -15.292
-74.963 -15.253
-74.948 -15.234
-74.940 -15.206
-74.917 -15.181
-74.897 -15.174
-74.889 -15.161
-74.868 -15.149
-74.855 -15.154
-74.834 -15.145
-74.827 -15.145
-74.787 -15.120
-74.787 -15.117
-74.776 -15.106
-74.773 -15.106
-74.764 -15.101
-74.762 -15.097
* *
-74.762 -15.097
-74.755 -15.091
-74.743 -15.091
-74.742 -15.088
-74.726 -15.084
-74.714 -15.074
-74.708 -15.073
-74.701 -15.065
-74.690 -15.060
-74.687 -15.061
-74.673 -15.056
-74.666 -15.050
-74.663 -15.043
-74.666 -15.032
-74.665 -14.997
-74.651 -14.986
-74.647 -14.977
-74.663 -14.971
-74.687 -14.930
-74.663 -14.907
-74.665 -14.892
-74.682 -14.871
-74.682 -14.871
-74.676 -14.864
-74.691 -14.844
-74.708 -14.834
-74.747 -14.842
-74.755 -14.836
-74.752 -14.828
-74.715 -14.819
-74.721 -14.813
-74.747 -14.814
-74.755 -14.797
-74.765 -14.792
-74.756 -14.783
-74.755 -14.766
-74.732 -14.750
-74.737 -14.742
-74.737 -14.733
-74.715 -14.711
-74.734 -14.715
-74.749 -14.729
-74.773 -14.728
-74.788 -14.735
-74.805 -14.752
-74.846 -14.708
-74.836 -14.696
-74.847 -14.689
-74.848 -14.668
-74.823 -14.649
-74.815 -14.635
-74.787 -14.617
-74.858 -14.611
-74.883 -14.576
-74.876 -14.555
-74.901 -14.544
-74.913 -14.564
-74.946 -14.581
-74.959 -14.607
-74.979 -14.603
-74.996 -14.611
-75.031 -14.610
-75.056 -14.628
-75.064 -14.612
-75.061 -14.599
-75.063 -14.579
-75.078 -14.569
-75.078 -14.550
-75.066 -14.532
-75.069 -14.527
-75.084 -14.532
-75.091 -14.523
-75.091 -14.496
-75.100 -14.485
-75.067 -14.459
-75.071 -14.451
-75.054 -14.431
-75.091 -14.428
-75.107 -14.435
-75.121 -14.427
-75.118 -14.422
-75.138 -14.416
-75.105 -14.357
-75.108 -14.348
-75.092 -14.312
-75.039 -14.280
-75.031 -14.265
-75.041 -14.253
-75.056 -14.256
-75.072 -14.246
-75.073 -14.236
-75.087 -14.233
-75.090 -14.213
-75.060 -14.130
* *
-75.060 -14.130
-75.057 -14.124
-75.062 -14.107
-75.062 -14.090
-75.074 -14.081
-75.082 -14.087
-75.087 -14.087
-75.109 -14.034
-75.122 -14.040
-75.130 -14.052
-75.166 -14.075
-75.181 -14.057
-75.263 -14.042
-75.235 -14.009
-75.252 -14.000
-75.328 -14.020
-75.350 -14.007
-75.359 -13.974
-75.416 -13.925
-75.457 -13.908
-75.475 -13.912
-75.521 -13.888
-75.545 -13.890
-75.567 -13.846
-75.534 -13.833
-75.523 -13.817
-75.529 -13.792
-75.541 -13.791
-75.517 -13.698
-75.488 -13.674
-75.486 -13.647
-75.521 -13.607
-75.477 -13.528
-75.492 -13.524
-75.468 -13.483
-75.465 -13.437
-75.495 -13.397
-75.503 -13.356
-75.505 -13.375
-75.540 -13.405
-75.602 -13.397
-75.691 -13.440
-75.710 -13.418
-75.745 -13.405
-75.755 -13.416
-75.809 -13.399
-75.788 -13.334
-75.704 -13.286
-75.704 -13.239
-75.691 -13.213
-75.707 -13.188
-75.693 -13.150
-75.718 -13.113
-75.693 -13.069
-75.693 -13.051
-75.677 -13.040
-75.677 -13.056
-75.653 -13.071
-75.629 -13.055
-75.634 -13.046
-75.638 -13.043
-75.640 -13.032
-75.629 -13.020
-75.621 -13.019
-75.619 -13.012
-75.609 -13.006
-75.609 -12.990
-75.603 -12.981
-75.610 -12.967
-75.614 -12.965
15 ICA
-74.345 -12.173
-74.349 -12.168
-74.369 -12.178
-74.380 -12.176
-74.390 -12.191
-74.377 -12.217
-74.379 -12.230
-74.395 -12.257
-74.385 -12.270
-74.416 -12.306
-74.446 -12.302
-74.448 -12.272
-74.489 -12.281
-74.508 -12.313
-74.552 -12.289
-74.582 -12.328
-74.575 -12.347
-74.575 -12.375
-74.564 -12.360
-74.549 -12.377
-74.532 -12.412
-74.522 -12.409
-74.517 -12.429
-74.521 -12.435
-74.506 -12.447
-74.454 -12.444
-74.410 -12.451
-74.401 -12.473
-74.412 -12.482
-74.412 -12.501
-74.399 -12.505
-74.397 -12.531
-74.384 -12.548
-74.384 -12.571
-74.366 -12.578
-74.367 -12.592
-74.323 -12.607
-74.339 -12.620
-74.328 -12.680
-74.351 -12.713
-74.328 -12.747
-74.313 -12.736
-74.289 -12.761
-74.286 -12.800
-74.298 -12.804
-74.293 -12.828
-74.328 -12.833
-74.335 -12.853
-74.317 -12.890
-74.329 -12.916
-74.324 -12.931
-74.296 -12.933
-74.296 -12.980
-74.271 -13.026
-74.273 -13.067
-74.280 -13.076
-74.333 -13.042
-74.333 -13.035
-74.343 -13.026
-74.380 -13.024
-74.391 -13.034
-74.391 -13.042
-74.407 -13.061
-74.413 -13.095
-74.412 -13.119
-74.391 -13.131
-74.391 -13.153
-74.399 -13.161
-74.399 -13.168
-74.410 -13.161
-74.423 -13.161
-74.460 -13.192
-74.544 -13.198
-74.556 -13.186
-74.571 -13.183
-74.587 -13.211
-74.594 -13.212
-74.645 -13.274
-74.662 -13.271
-74.686 -13.288
-74.677 -13.296
-74.668 -13.327
-74.635 -13.345
-74.667 -13.355
-74.680 -13.350
-74.704 -13.363
-74.730 -13.364
-74.741 -13.350
-74.738 -13.347
-74.739 -13.341
-74.745 -13.339
-74.757 -13.324
-74.765 -13.329
-74.765 -13.342
-74.807 -13.359
-74.858 -13.355
-74.898 -13.397
-74.894 -13.414
-74.904 -13.430
-74.903 -13.465
-74.858 -13.486
-74.828 -13.538
-74.813 -13.536
-74.792 -13.560
-74.792 -13.569
-74.777 -13.589
-74.771 -13.612
-74.778 -13.630
-74.775 -13.639
-74.783 -13.648
-74.774 -13.672
-74.775 -13.718
-74.754 -13.737
-74.768 -13.774
-74.762 -13.784
-74.780 -13.784
-74.779 -13.797
-74.759 -13.833
-74.768 -13.867
-74.785 -13.879
-74.786 -13.891
-74.779 -13.899
-74.779 -13.911
-74.793 -13.929
-74.785 -13.936
-74.770 -13.983
-74.788 -13.987
-74.777 -14.004
-74.785 -14.019
-74.774 -14.046
-74.768 -14.047
-74.767 -14.073
-74.759 -14.080
-74.768 -14.090
-74.826 -14.092
-74.840 -14.074
-74.877 -14.076
-74.898 -14.104
-74.911 -14.092
-74.925 -14.099
-74.977 -14.076
-75.028 -14.072
-75.036 -14.096
-75.042 -14.099
-75.054 -14.116
-75.053 -14.120
-75.057 -14.128
-75.060 -14.130
jun huancav
-72.243 -11.325
-72.245 -11.387
-72.264 -11.396
-72.291 -11.438
-72.291 -11.484
-72.310 -11.507
-72.319 -11.595
-72.361 -11.632
-72.361 -11.702
-72.388 -11.716
-72.402 -11.795
-72.351 -11.860
-72.338 -11.971
-72.288 -11.977
-72.263 -12.063
-72.193 -12.063
-72.098 -12.087
-72.103 -12.226
-71.971 -12.292
-71.926 -12.288
-72.016 -12.411
-72.033 -12.403
-72.078 -12.490
-72.057 -12.509
-72.012 -12.515
-72.000 -12.568
-71.986 -12.576
-71.959 -12.613
-71.954 -12.647
-71.964 -12.664
-71.963 -12.682
-71.921 -12.701
-71.921 -12.719
-71.908 -12.726
-71.908 -12.730
-71.870 -12.720
-71.827 -12.716
-71.805 -12.731
-71.807 -12.757
-71.685 -12.852
-71.607 -12.807
-71.557 -12.807
-71.480 -12.855
-71.452 -12.849
-71.416 -12.894
-71.396 -12.885
-71.377 -12.902
-71.355 -12.882
-71.302 -12.944
-71.200 -12.980
-71.103 -13.036
-71.075 -13.011
-70.900 -13.061
-70.856 -13.083
-70.845 -13.067
-70.814 -13.072
-70.770 -13.108
-70.692 -13.106
-70.668 -13.089
-70.518 -13.117
-70.490 -13.093
-70.488 -13.074
-70.418 -13.071
-70.400 -13.090
-70.401 -13.110
cus mddios
-70.401 -13.110
-69.626 -13.364
-68.867 -12.999
mddios puno
-70.401 -13.110
-70.404 -13.127
-70.416 -13.130
-70.418 -13.136
-70.406 -13.139
-70.400 -13.130
-70.389 -13.133
-70.389 -13.136
-70.402 -13.153
-70.386 -13.165
-70.391 -13.225
-70.423 -13.246
-70.348 -13.289
-70.348 -13.308
-70.394 -13.308
-70.399 -13.370
-70.418 -13.354
-70.452 -13.362
-70.444 -13.386
-70.474 -13.435
-70.455 -13.443
-70.495 -13.499
-70.533 -13.521
-70.546 -13.547
-70.541 -13.560
-70.542 -13.579
-70.548 -13.576
-70.620 -13.614
-70.622 -13.623
-70.664 -13.662
-70.675 -13.662
-70.687 -13.653
-70.716 -13.664
-70.714 -13.678
-70.735 -13.710
-70.736 -13.738
-70.699 -13.803
-70.712 -13.840
-70.731 -13.824
-70.758 -13.817
-70.814 -13.819
-70.828 -13.828
-70.849 -13.817
-70.851 -13.800
-70.878 -13.811
-70.879 -13.836
-70.832 -13.858
-70.829 -13.896
-70.814 -13.901
-70.809 -13.914
-70.832 -13.934
-70.847 -13.964
-70.845 -13.983
-70.853 -13.995
-70.840 -14.010
-70.853 -14.013
-70.867 -14.023
-70.827 -14.076
-70.790 -14.079
-70.820 -14.139
-70.885 -14.175
-70.900 -14.230
-70.875 -14.263
-70.913 -14.303
-70.908 -14.336
-70.986 -14.382
-70.979 -14.397
-70.986 -14.404
-70.963 -14.445
-70.984 -14.451
-70.989 -14.459
-70.983 -14.477
-70.989 -14.487
-70.987 -14.499
-70.999 -14.502
-70.979 -14.539
-70.983 -14.547
-70.966 -14.570
-70.977 -14.583
-71.006 -14.572
-71.075 -14.632
-71.109 -14.635
-71.119 -14.648
-71.104 -14.684
-71.088 -14.694
-71.089 -14.714
-71.063 -14.737
-71.055 -14.755
-71.036 -14.752
-71.029 -14.761
-71.014 -14.741
-70.980 -14.757
-70.972 -14.763
-70.983 -14.786
-70.978 -14.823
-70.996 -14.831
-70.997 -14.845
-70.991 -14.861
-70.986 -14.946
-71.002 -14.972
-70.992 -15.096
-70.980 -15.108
-70.980 -15.151
-70.964 -15.222
-70.986 -15.252
-70.950 -15.301
-70.960 -15.319
-70.988 -15.317
-71.012 -15.343
-71.039 -15.405
cus puno
-71.039 -15.405
-71.040 -15.412
-71.052 -15.426
-71.065 -15.435
-71.077 -15.439
-71.072 -15.451
-71.087 -15.459
-71.102 -15.455
-71.108 -15.448
-71.110 -15.440
-71.118 -15.428
-71.151 -15.443
-71.175 -15.424
-71.168 -15.374
-71.151 -15.364
-71.153 -15.343
-71.164 -15.330
-71.162 -15.313
-71.164 -15.291
-71.195 -15.266
-71.202 -15.248
-71.158 -15.206
-71.184 -15.169
-71.143 -15.128
-71.195 -15.087
-71.209 -15.053
-71.258 -15.061
-71.317 -15.121
-71.414 -15.035
-71.447 -14.982
-71.506 -14.982
-71.506 -15.027
-71.480 -15.050
-71.518 -15.076
-71.569 -15.065
-71.592 -15.128
-71.629 -15.150
-71.669 -15.092
-71.836 -15.077
-71.850 -15.044
-71.764 -15.007
-71.770 -14.980
-71.751 -14.945
-71.796 -14.896
-71.826 -14.911
-71.863 -14.878
-71.874 -14.803
-71.929 -14.788
-71.929 -14.766
-71.959 -14.732
-71.937 -14.691
-71.989 -14.635
-72.041 -14.689
-72.048 -14.738
-72.026 -14.829
-72.040 -14.839
-72.046 -14.886
-72.074 -14.885
-72.130 -14.811
-72.119 -14.788
-72.154 -14.776
-72.159 -14.786
-72.181 -14.776
-72.203 -14.788
-72.204 -14.798
-72.245 -14.813
-72.253 -14.802
-72.317 -14.835
-72.352 -14.827
-72.419 -14.823
-72.418 -14.806
-72.433 -14.798
-72.434 -14.791
-72.444 -14.792
-72.451 -14.784
-72.463 -14.784
-72.466 -14.788
-72.471 -14.775
-72.469 -14.760
-72.480 -14.755
-72.479 -14.752
-72.487 -14.741
-72.482 -14.731
-72.487 -14.724
-72.487 -14.714
-72.472 -14.705
-72.462 -14.682
-72.461 -14.671
-72.471 -14.661
cus are
-72.471 -14.661
-72.460 -14.614
-72.500 -14.551
-72.436 -14.483
-72.396 -14.484
-72.341 -14.426
-72.321 -14.441
-72.287 -14.424
-72.296 -14.413
-72.249 -14.404
-72.248 -14.386
-72.239 -14.360
-72.239 -14.349
-72.224 -14.350
-72.199 -14.317
-72.188 -14.315
-72.187 -14.307
-72.171 -14.295
-72.171 -14.277
-72.142 -14.258
-72.137 -14.261
-72.080 -14.204
-72.095 -14.171
-72.062 -14.140
-72.061 -14.044
-72.053 -14.026
-72.061 -13.969
-72.056 -13.938
-72.092 -13.886
-72.132 -13.789
-72.150 -13.779
-72.162 -13.750
-72.233 -13.723
-72.228 -13.712
-72.264 -13.683
-72.308 -13.705
-72.403 -13.656
-72.400 -13.633
-72.531 -13.564
-72.595 -13.564
-72.789 -13.426
-72.889 -13.416
-72.889 -13.390
-72.975 -13.387
-73.018 -13.426
-73.043 -13.412
-73.061 -13.437
-73.103 -13.449
-73.111 -13.434
-73.125 -13.441
-73.139 -13.428
-73.140 -13.421
-73.144 -13.418
-73.151 -13.424
-73.148 -13.434
-73.150 -13.436
-73.157 -13.437
-73.163 -13.447
-73.169 -13.453
-73.176 -13.452
-73.182 -13.444
-73.187 -13.441
-73.184 -13.433
-73.191 -13.427
-73.187 -13.416
-73.206 -13.412
-73.212 -13.419
apu cus
-73.212 -13.419
-73.230 -13.411
-73.242 -13.410
-73.298 -13.355
-73.330 -13.308
-73.340 -13.311
-73.351 -13.300
-73.342 -13.294
-73.351 -13.271
-73.363 -13.269
-73.384 -13.225
-73.416 -13.196
-73.403 -13.187
-73.424 -13.128
-73.434 -13.139
-73.475 -13.057
-73.488 -13.070
-73.493 -13.047
-73.479 -13.034
-73.479 -13.002
-73.488 -12.998
-73.509 -13.013
-73.530 -12.982
-73.511 -12.976
-73.496 -12.930
-73.522 -12.940
-73.535 -12.921
-73.522 -12.903
-73.560 -12.870
-73.582 -12.860
-73.592 -12.839
-73.589 -12.827
-73.629 -12.784
-73.624 -12.771
-73.662 -12.732
-73.657 -12.725
-73.732 -12.636
-73.745 -12.653
-73.756 -12.656
-73.801 -12.615
-73.809 -12.592
-73.804 -12.579
-73.825 -12.535
-73.834 -12.531
-73.843 -12.540
-73.853 -12.535
-73.856 -12.512
-73.852 -12.499
-73.877 -12.451
-73.883 -12.420
-73.914 -12.389
-73.930 -12.383
-73.946 -12.354
-73.959 -12.352
-73.971 -12.342
-73.968 -12.331
-73.970 -12.327
-73.968 -12.292
-73.971 -12.285
-73.971 -12.273
-73.979 -12.242
-73.995 -12.233
aya cus
-73.212 -13.419
-73.210 -13.434
-73.224 -13.450
-73.220 -13.465
-73.237 -13.478
-73.245 -13.470
-73.245 -13.465
-73.260 -13.469
-73.282 -13.455
-73.292 -13.457
-73.312 -13.447
-73.322 -13.456
-73.331 -13.457
-73.335 -13.452
-73.333 -13.446
-73.347 -13.435
-73.368 -13.437
-73.369 -13.442
-73.389 -13.439
-73.404 -13.445
-73.412 -13.435
-73.428 -13.438
-73.430 -13.433
-73.481 -13.431
-73.487 -13.423
-73.486 -13.416
-73.496 -13.394
-73.505 -13.387
-73.514 -13.385
-73.522 -13.387
-73.547 -13.363
-73.556 -13.366
-73.573 -13.362
-73.576 -13.340
-73.587 -13.335
-73.590 -13.341
-73.598 -13.329
-73.607 -13.332
-73.651 -13.295
-73.661 -13.289
-73.664 -13.282
-73.687 -13.281
-73.699 -13.266
-73.710 -13.269
-73.725 -13.268
-73.729 -13.265
-73.727 -13.261
-73.730 -13.258
-73.736 -13.258
-73.737 -13.253
-73.733 -13.243
-73.740 -13.211
-73.729 -13.197
-73.730 -13.187
-73.742 -13.174
-73.747 -13.175
-73.752 -13.171
-73.774 -13.177
-73.774 -13.185
-73.799 -13.202
-73.802 -13.216
-73.809 -13.216
-73.810 -13.234
-73.824 -13.247
-73.823 -13.284
-73.805 -13.312
-73.832 -13.328
-73.829 -13.339
-73.841 -13.388
-73.849 -13.397
-73.829 -13.434
-73.841 -13.456
-73.832 -13.480
-73.824 -13.482
-73.804 -13.560
-73.810 -13.565
-73.796 -13.603
-73.807 -13.608
-73.793 -13.641
-73.743 -13.656
-73.729 -13.672
-73.732 -13.679
-73.727 -13.686
-73.723 -13.682
-73.714 -13.692
-73.716 -13.706
-73.701 -13.706
-73.688 -13.723
-73.669 -13.737
-73.687 -13.740
-73.686 -13.747
-73.748 -13.758
-73.742 -13.780
-73.744 -13.783
-73.727 -13.820
-73.711 -13.839
-73.703 -13.843
-73.695 -13.855
-73.693 -13.878
-73.695 -13.886
-73.681 -13.916
-73.664 -13.925
-73.617 -14.027
-73.624 -14.051
-73.521 -14.239
-73.514 -14.303
-73.558 -14.409
-73.583 -14.416
-73.509 -14.544
-73.514 -14.571
-73.536 -14.576
-73.509 -14.648
-73.521 -14.675
-73.575 -14.685
-73.576 -14.719
-73.564 -14.736
-73.566 -14.775
-73.549 -14.802
-73.531 -14.799
-73.487 -14.843
-73.464 -14.840
-73.452 -14.803
-73.403 -14.764
-73.403 -14.749
-73.391 -14.715
-73.371 -14.700
-73.363 -14.677
-73.351 -14.704
-73.329 -14.717
-73.309 -14.717
-73.293 -14.727
-73.288 -14.739
-73.261 -14.712
-73.250 -14.712
-73.250 -14.715
-73.215 -14.705
-73.190 -14.708
-73.180 -14.688
-73.152 -14.678
-73.119 -14.681
-73.122 -14.692
-73.108 -14.692
-73.099 -14.653
-73.079 -14.655
-73.065 -14.667
-73.040 -14.653
-73.042 -14.622
-73.013 -14.632
-73.000 -14.648
-72.984 -14.634
-72.969 -14.641
-72.973 -14.656
-72.958 -14.680
-72.934 -14.694
-72.919 -14.685
-72.912 -14.699
-72.867 -14.710
-72.864 -14.726
-72.857 -14.728
-72.855 -14.733
-72.857 -14.738
-72.852 -14.744
-72.853 -14.751
-72.847 -14.760
apu aya
-72.847 -14.760
-72.841 -14.747
-72.835 -14.740
-72.834 -14.721
-72.827 -14.713
-72.829 -14.704
-72.805 -14.676
-72.805 -14.671
-72.789 -14.652
-72.771 -14.665
-72.745 -14.651
-72.741 -14.644
-72.736 -14.647
-72.730 -14.647
-72.726 -14.644
-72.725 -14.676
-72.713 -14.680
-72.700 -14.678
-72.691 -14.689
-72.677 -14.677
-72.657 -14.674
-72.650 -14.668
-72.632 -14.671
-72.625 -14.676
-72.612 -14.676
-72.600 -14.695
-72.602 -14.702
-72.593 -14.714
-72.585 -14.707
-72.588 -14.701
-72.579 -14.688
-72.526 -14.667
-72.509 -14.672
-72.507 -14.665
-72.482 -14.665
-72.477 -14.659
-72.471 -14.661
apu are
-72.847 -14.760
-72.854 -14.765
-72.881 -14.765
-72.881 -14.775
-72.911 -14.771
-72.923 -14.756
-72.958 -14.779
-72.962 -14.792
-72.979 -14.806
-72.993 -14.804
-73.005 -14.828
-73.003 -14.838
-73.025 -14.879
-73.025 -14.890
-73.033 -14.896
-73.024 -14.913
-72.987 -14.956
-72.983 -14.971
-72.983 -14.985
-72.997 -14.990
-73.005 -15.008
-73.004 -15.066
-73.024 -15.090
-73.018 -15.126
-73.059 -15.145
-73.101 -15.187
-73.113 -15.185
-73.113 -15.211
-73.122 -15.230
-73.150 -15.260
-73.151 -15.284
-73.162 -15.287
-73.172 -15.306
-73.182 -15.306
-73.211 -15.293
-73.221 -15.299
-73.248 -15.286
-73.285 -15.293
-73.279 -15.318
-73.294 -15.359
-73.276 -15.393
-73.285 -15.398
-73.295 -15.392
-73.337 -15.405
-73.341 -15.399
-73.365 -15.387
-73.392 -15.399
-73.415 -15.380
-73.430 -15.380
-73.432 -15.374
-73.426 -15.366
-73.441 -15.354
-73.478 -15.380
-73.506 -15.384
-73.530 -15.393
-73.556 -15.408
-73.594 -15.404
-73.620 -15.423
-73.653 -15.417
-73.689 -15.437
-73.757 -15.388
-73.786 -15.337
-73.793 -15.340
-73.803 -15.328
-73.866 -15.327
-73.880 -15.338
-73.869 -15.421
-73.876 -15.438
-73.890 -15.439
-73.944 -15.487
-73.954 -15.514
-73.970 -15.534
-74.011 -15.560
-74.019 -15.600
-74.066 -15.631
-74.084 -15.619
-74.081 -15.616
-74.084 -15.594
-74.074 -15.560
-74.076 -15.553
-74.066 -15.540
-74.079 -15.515
-74.074 -15.511
-74.075 -15.505
-74.043 -15.493
-74.039 -15.482
-74.043 -15.466
-74.038 -15.456
-74.047 -15.443
-74.050 -15.428
-74.058 -15.408
-74.077 -15.400
-74.087 -15.392
-74.096 -15.392
-74.117 -15.411
-74.132 -15.413
-74.138 -15.427
-74.151 -15.428
-74.154 -15.436
-74.155 -15.464
-74.164 -15.483
-74.187 -15.487
-74.193 -15.492
-74.211 -15.487
-74.256 -15.481
-74.263 -15.474
-74.268 -15.474
-74.274 -15.478
-74.301 -15.479
-74.306 -15.475
-74.312 -15.464
-74.304 -15.456
-74.304 -15.451
-74.321 -15.440
-74.330 -15.395
-74.317 -15.367
-74.307 -15.360
-74.331 -15.355
-74.346 -15.339
-74.377 -15.332
-74.387 -15.320
-74.416 -15.297
-74.397 -15.276
-74.400 -15.267
-74.387 -15.251
-74.395 -15.242
-74.392 -15.224
-74.400 -15.219
-74.388 -15.206
-74.401 -15.179
-74.418 -15.169
-74.444 -15.168
-74.453 -15.178
-74.504 -15.159
-74.515 -15.147
-74.574 -15.140
-74.584 -15.148
-74.607 -15.147
-74.628 -15.124
-74.650 -15.138
-74.675 -15.136
-74.679 -15.132
-74.687 -15.138
-74.717 -15.137
-74.720 -15.125
-74.729 -15.121
-74.739 -15.123
-74.752 -15.113
-74.762 -15.101
-74.762 -15.097
are aya
-71.039 -15.405
-71.028 -15.432
-71.004 -15.442
-70.993 -15.456
-70.993 -15.472
-71.016 -15.491
-71.018 -15.503
-71.008 -15.520
-71.018 -15.532
-71.007 -15.543
-71.008 -15.564
-70.972 -15.605
-70.939 -15.618
-70.917 -15.645
-70.918 -15.689
-70.899 -15.716
-70.905 -15.740
-70.918 -15.743
-70.937 -15.781
-70.891 -15.854
-70.896 -15.878
-70.886 -15.894
-70.867 -15.889
-70.833 -15.951
-70.842 -15.959
-70.843 -15.970
-70.827 -15.979
-70.821 -15.979
are puno
-70.821 -15.979
-70.809 -15.988
-70.805 -15.986
-70.804 -15.976
-70.801 -15.974
-70.794 -15.983
-70.796 -15.988
-70.776 -16.015
-70.765 -16.018
-70.756 -16.015
-70.742 -16.017
-70.723 -16.036
-70.696 -16.030
-70.694 -16.026
-70.681 -16.022
-70.680 -16.019
-70.669 -16.015
-70.660 -16.003
-70.654 -16.001
-70.653 -15.997
-70.646 -15.994
-70.641 -15.987
-70.626 -16.003
-70.619 -16.002
-70.612 -15.993
-70.570 -15.990
-70.563 -15.983
-70.552 -15.995
-70.548 -15.995
-70.536 -16.015
-70.529 -16.015
-70.529 -16.021
-70.518 -16.034
-70.511 -16.029
-70.507 -16.038
-70.482 -16.040
-70.465 -16.052
-70.445 -16.033
-70.440 -16.039
-70.435 -16.060
-70.402 -16.090
-70.408 -16.130
-70.368 -16.189
-70.368 -16.211
-70.331 -16.202
-70.328 -16.232
-70.346 -16.257
-70.340 -16.328
-70.356 -16.368
-70.382 -16.384
-70.359 -16.402
-70.362 -16.415
-70.331 -16.415
-70.306 -16.452
-70.316 -16.470
-70.230 -16.508
-70.202 -16.542
-70.181 -16.539
-70.174 -16.600
-70.091 -16.659
-70.070 -16.640
-70.024 -16.632
-70.001 -16.658
-69.999 -16.675
-70.012 -16.690
-69.996 -16.715
-69.996 -16.730
-70.013 -16.742
-70.036 -16.745
-70.031 -16.752
-70.057 -16.772
-70.054 -16.783
-70.091 -16.814
-70.096 -16.892
-70.106 -16.898
-70.114 -16.918
-70.137 -16.936
-70.147 -16.939
moq puno
-70.147 -16.939
-70.145 -16.944
-70.138 -16.943
-70.120 -16.962
-70.120 -16.971
-70.095 -16.986
-70.100 -16.993
-70.096 -16.999
-70.100 -17.004
-70.073 -17.036
-70.044 -17.058
-70.044 -17.105
-70.040 -17.129
-70.028 -17.122
-70.013 -17.144
-69.991 -17.154
-69.933 -17.205
-69.872 -17.225
-69.838 -17.245
-69.802 -17.232
-69.786 -17.239
-69.768 -17.262
-69.765 -17.279
-69.733 -17.295
-69.715 -17.289
-69.715 -17.285
-69.699 -17.275
-69.682 -17.278
-69.662 -17.271
-69.655 -17.272
-69.653 -17.279
-69.649 -17.281
-69.649 -17.285
-69.646 -17.286
-69.644 -17.286
pun tacna
-70.821 -15.979
-70.829 -15.995
-70.816 -16.004
-70.814 -16.015
-70.821 -16.030
-70.807 -16.041
-70.804 -16.056
-70.856 -16.056
-70.865 -16.069
-70.866 -16.081
-70.879 -16.081
-70.875 -16.095
-70.897 -16.106
-70.879 -16.123
-70.868 -16.127
-70.873 -16.141
-70.866 -16.150
-70.879 -16.167
-70.866 -16.174
-70.856 -16.185
-70.854 -16.206
-70.867 -16.220
-70.867 -16.225
-70.849 -16.228
-70.844 -16.237
-70.856 -16.243
-70.879 -16.284
-70.887 -16.285
-70.902 -16.277
-70.914 -16.282
-70.939 -16.300
-70.940 -16.312
-70.945 -16.314
-70.952 -16.309
-70.985 -16.309
-70.985 -16.323
-70.979 -16.333
-70.979 -16.346
-70.973 -16.353
-70.976 -16.361
-70.969 -16.371
-70.973 -16.378
-70.975 -16.391
-70.965 -16.398
-70.965 -16.405
-70.976 -16.411
-70.962 -16.452
-70.955 -16.458
-70.955 -16.470
-70.966 -16.481
-70.980 -16.480
-70.993 -16.497
-71.014 -16.500
-71.017 -16.489
-71.037 -16.485
-71.037 -16.485
-71.048 -16.457
-71.073 -16.466
-71.079 -16.459
-71.109 -16.467
-71.123 -16.461
-71.140 -16.474
-71.148 -16.473
-71.209 -16.464
-71.241 -16.464
-71.250 -16.485
-71.238 -16.505
-71.248 -16.559
-71.262 -16.583
-71.258 -16.607
-71.279 -16.611
-71.284 -16.683
-71.298 -16.695
-71.298 -16.710
-71.287 -16.714
-71.289 -16.728
-71.327 -16.754
-71.347 -16.740
-71.351 -16.728
-71.368 -16.719
-71.397 -16.731
-71.409 -16.729
-71.426 -16.740
-71.436 -16.797
-71.443 -16.804
-71.443 -16.826
-71.435 -16.836
-71.442 -16.845
-71.435 -16.879
-71.422 -16.893
-71.424 -16.921
-71.455 -16.935
-71.465 -16.952
-71.460 -16.960
-71.407 -16.955
-71.402 -16.961
-71.403 -16.967
-71.392 -16.978
-71.395 -16.997
-71.385 -17.021
-71.367 -17.015
-71.363 -17.021
-71.352 -17.026
-71.341 -17.021
-71.318 -17.042
-71.326 -17.056
-71.305 -17.101
-71.327 -17.136
-71.350 -17.148
-71.382 -17.187
-71.413 -17.216
-71.421 -17.235
-71.435 -17.242
-71.442 -17.251
-71.470 -17.258
-71.491 -17.285
are moq
-71.139 -17.822
-71.132 -17.817
-71.130 -17.817
-71.125 -17.809
-71.122 -17.807
-71.122 -17.786
-71.110 -17.770
-71.110 -17.765
-71.106 -17.762
-71.103 -17.756
-71.103 -17.745
-71.098 -17.735
-71.090 -17.733
-71.082 -17.737
-71.082 -17.730
-71.085 -17.721
-71.079 -17.715
-71.066 -17.716
-71.060 -17.721
-71.048 -17.709
-71.036 -17.710
-71.026 -17.704
-71.019 -17.710
-71.005 -17.694
-71.005 -17.687
-70.998 -17.681
-70.988 -17.681
-70.982 -17.687
-70.965 -17.676
-70.955 -17.676
-70.930 -17.689
-70.914 -17.688
-70.910 -17.650
-70.905 -17.642
-70.906 -17.625
-70.896 -17.614
-70.896 -17.598
-70.887 -17.583
-70.883 -17.572
-70.885 -17.563
-70.870 -17.549
-70.866 -17.542
-70.839 -17.518
-70.830 -17.503
-70.805 -17.480
-70.779 -17.451
-70.754 -17.439
-70.736 -17.403
-70.752 -17.384
-70.752 -17.371
-70.740 -17.333
-70.708 -17.294
-70.716 -17.273
-70.705 -17.269
-70.700 -17.253
-70.682 -17.225
-70.654 -17.210
-70.610 -17.215
-70.571 -17.195
-70.556 -17.198
-70.536 -17.172
-70.529 -17.172
-70.494 -17.111
-70.493 -17.094
-70.488 -17.087
-70.469 -17.089
-70.462 -17.083
-70.449 -17.082
-70.444 -17.056
-70.438 -17.051
-70.444 -17.047
-70.450 -17.026
-70.464 -17.010
-70.443 -16.963
-70.465 -16.946
-70.460 -16.934
-70.453 -16.930
-70.459 -16.923
-70.451 -16.908
-70.452 -16.900
-70.442 -16.894
-70.442 -16.889
-70.450 -16.881
-70.448 -16.874
-70.451 -16.862
-70.443 -16.854
-70.442 -16.841
-70.432 -16.840
-70.421 -16.831
-70.407 -16.828
-70.398 -16.818
-70.385 -16.817
-70.379 -16.812
-70.378 -16.802
-70.359 -16.797
-70.359 -16.792
-70.343 -16.791
-70.318 -16.780
-70.318 -16.776
-70.309 -16.773
-70.291 -16.782
-70.268 -16.770
-70.264 -16.774
-70.267 -16.779
-70.262 -16.787
-70.254 -16.787
-70.254 -16.799
-70.248 -16.803
-70.225 -16.811
-70.210 -16.811
-70.204 -16.808
-70.194 -16.818
-70.184 -16.816
-70.183 -16.831
-70.198 -16.842
-70.202 -16.839
-70.217 -16.843
-70.223 -16.852
-70.226 -16.858
-70.243 -16.856
-70.257 -16.900
-70.260 -16.902
-70.256 -16.911
-70.260 -16.923
-70.250 -16.932
-70.255 -16.938
-70.255 -16.944
-70.248 -16.954
-70.235 -16.960
-70.224 -16.961
-70.219 -16.951
-70.208 -16.943
-70.197 -16.943
-70.180 -16.928
-70.181 -16.923
-70.175 -16.913
-70.169 -16.917
-70.149 -16.923
-70.150 -16.928
-70.153 -16.932
-70.149 -16.935
-70.147 -16.939
moq tacna
